private _objects = [
    ["Land_Mil_WallBig_4m_F",[11028.6,10639.7,-1.49477],[[0,0.997785,0.066519],[0.069168,-0.0663597,0.995395]],[false,false]],
    ["Land_Mil_WallBig_4m_F",[11024.6,10639.6,-1.02711],[[0,1,0],[0.0346456,0,0.9994]],[false,false]],
    ["Land_Mil_WallBig_4m_F",[11020.7,10639.6,-0.888763],[[0,1,0],[0.0346456,0,0.9994]],[false,false]],
    ["Land_Mil_WallBig_4m_F",[11016.7,10639.6,-0.593757],[[0,1,0],[0,0,1]],[false,false]],
    ["Land_Mil_WallBig_4m_F",[11012.7,10639.6,0],[[0,1,0],[0,0,1]],[false,false]],
    ["Land_Mil_WallBig_Corner_F",[11010,10639.2,0.389241],[[0.990018,-0.140938,0],[0,0,1]],[false,false]],
    ["Land_Mil_WallBig_Corner_F",[11008.6,10637.9,0.786683],[[-0.955713,0.294299,0],[0,0,1]],[false,false]],
    ["Land_Mil_WallBig_Corner_F",[11006.8,10637.7,1.42643],[[0.837314,-0.546722,0],[0,0,1]],[false,false]],
    ["Land_Mil_WallBig_4m_F",[11004.3,10637.1,2.43295],[[0,1,0],[0,0,1]],[false,false]],
    ["Land_Mil_WallBig_4m_F",[11000.3,10637,3.46044],[[0,1,0],[0,0,1]],[false,false]],
    ["Land_Mil_WallBig_4m_F",[10996.3,10637,4.51642],[[0,1,0],[0,0,1]],[false,false]],
    ["Land_Mil_WallBig_4m_F",[10992.3,10637,5.32968],[[0,1,0],[0,0,1]],[false,false]],
    ["Land_Mil_WallBig_4m_F",[10988.3,10637,5.5725],[[0,1,0],[0,0,1]],[false,false]],
    ["Land_Mil_WallBig_4m_F",[10984.4,10637,5.69796],[[0,0.997696,0.0678431],[0.0810656,-0.0676198,0.994412]],[false,false]],
    ["Land_Mil_WallBig_4m_F",[10980.4,10637,6.01934],[[0,0.997696,0.0678431],[0.0810656,-0.0676198,0.994412]],[false,false]],
    ["Land_Mil_WallBig_4m_F",[10976.5,10637,6.24626],[[0,0.995795,0.0916132],[0.0439577,-0.0915247,0.994832]],[false,false]],
    ["Land_Mil_WallBig_4m_F",[10972.5,10637,6.42003],[[0,0.995795,0.0916132],[0.0439577,-0.0915247,0.994832]],[false,false]],
    ["Land_Mil_WallBig_4m_F",[10968.5,10637.1,6.77216],[[0,0.988644,0.150273],[0.0559122,-0.150038,0.987098]],[false,false]],
    ["Land_Mil_WallBig_4m_F",[10964.6,10636.8,7.31714],[[0,1,0],[0,0,1]],[false,false]],
    ["Land_Mil_WallBig_4m_F",[10960.6,10636.8,7.99583],[[0,1,0],[0,0,1]],[false,false]],
    ["Land_Mil_WallBig_4m_F",[10956.6,10636.8,8.86077],[[0,1,0],[0,0,1]],[false,false]],
    ["Land_Mil_WallBig_4m_F",[10952.8,10636.9,9.69741],[[0,1,0],[0,0,1]],[false,false]],
    ["Land_Mil_WallBig_4m_F",[10949,10636.9,10.5352],[[0,1,0],[0,0,1]],[false,false]],
    ["Land_Mil_WallBig_4m_F",[10945.1,10636.9,11.0176],[[0,1,0],[0,0,1]],[false,false]],
    ["Land_Mil_WallBig_4m_F",[10941.3,10636.9,10.6666],[[0,0.998651,0.0519298],[-0.00667711,-0.0519286,0.998628]],[false,false]],
    ["Land_Mil_WallBig_4m_F",[10937.4,10636.9,11.0826],[[0,1,0],[0,0,1]],[false,false]],
    ["Land_Mil_WallBig_4m_F",[10933.6,10636.9,11.3223],[[0,1,0],[0,0,1]],[false,false]],
    ["Land_Mil_WallBig_4m_F",[10929.7,10636.9,11.6605],[[0,1,0],[0,0,1]],[false,false]],
    ["Land_Mil_WallBig_4m_F",[10925.9,10636.9,11.2185],[[0,0.995168,0.09819],[0.00401145,-0.0981892,0.99516]],[false,false]],
    ["Land_Mil_WallBig_4m_F",[10922,10636.7,11.7225],[[0,1,0],[0,0,1]],[false,false]],
    ["Land_Mil_WallBig_4m_F",[10918.2,10636.7,11.9209],[[0,1,0],[0,0,1]],[false,false]],
    ["Land_Mil_WallBig_4m_F",[10914.3,10636.7,12.2856],[[0,1,0],[0,0,1]],[false,false]],
    ["Land_Mil_WallBig_4m_F",[10910.5,10636.7,12.4953],[[0,1,0],[0,0,1]],[false,false]],
    ["Land_Mil_WallBig_4m_F",[10906.7,10636.8,12.7223],[[0,1,0],[0,0,1]],[false,false]],
    ["Land_Mil_WallBig_4m_F",[10902.8,10636.9,12.4859],[[0,0.998042,0.0625424],[0.023991,-0.0625244,0.997755]],[false,false]],
    ["Land_Mil_WallBig_4m_F",[10898.9,10636.9,12.5797],[[0,0.998042,0.0625424],[0.023991,-0.0625244,0.997755]],[false,false]],
    ["Land_Mil_WallBig_4m_F",[10895.1,10636.8,12.8899],[[0,1,0],[0,0,1]],[false,false]],
    ["Land_Mil_WallBig_4m_F",[10891.3,10636.8,12.7491],[[0,1,0],[0,0,1]],[false,false]],
    ["Land_Mil_WallBig_4m_F",[10887.4,10636.7,12.5789],[[0,1,0],[0,0,1]],[false,false]],
    ["Land_Mil_WallBig_4m_F",[10883.5,10636.7,12.5838],[[0,1,0],[0,0,1]],[false,false]],
    ["Land_Mil_WallBig_4m_F",[10879.6,10636.5,12.5212],[[0,1,0],[0,0,1]],[false,false]],
    ["Land_Mil_WallBig_4m_F",[10875.8,10636.5,12.5979],[[0,1,0],[0,0,1]],[false,false]],
    ["Land_Mil_WallBig_4m_F",[10871.9,10636.5,12.5243],[[0,1,0],[0,0,1]],[false,false]],
    ["Land_Mil_WallBig_4m_F",[10868.1,10636.4,12.3482],[[0,1,0],[0,0,1]],[false,false]],
    ["Land_Mil_WallBig_4m_F",[10864.2,10636.4,12.2822],[[0,1,0],[0,0,1]],[false,false]],
    ["Land_Mil_WallBig_4m_F",[10860.4,10636.7,11.937],[[0,0.993033,0.117839],[-0.0159977,-0.117824,0.992906]],[false,false]],
    ["Land_Mil_WallBig_4m_F",[10856.6,10636.6,11.8303],[[0,0.997605,0.069167],[-0.00666818,-0.0691655,0.997583]],[false,false]],
    ["Land_Mil_WallBig_4m_F",[10852.7,10636.6,11.805],[[0,0.997605,0.069167],[-0.00666818,-0.0691655,0.997583]],[false,false]],
    ["Land_Mil_WallBig_4m_F",[10848.9,10636.7,11.9429],[[0,1,0],[0,0,1]],[false,false]],
    ["Land_Mil_WallBig_4m_F",[10845,10636.6,11.684],[[0,1,0],[0,0,1]],[false,false]],
    ["Land_Mil_WallBig_4m_F",[10841.2,10636.7,12.3983],[[0,1,0],[0,0,1]],[false,false]],
    ["Land_Mil_WallBig_4m_F",[10837.4,10636.8,12.8647],[[0,0.998361,0.0572386],[-0.033315,-0.0572068,0.997806]],[false,false]],
    ["Land_Mil_WallBig_4m_F",[10833.5,10636.7,12.8133],[[0,0.999645,0.0266571],[-0.00265204,-0.026657,0.999641]],[false,false]],
    ["Land_Mil_WallBig_4m_F",[10829.7,10636.7,12.7971],[[0,0.999645,0.0266571],[-0.0239937,-0.0266494,0.999357]],[false,false]],
    ["Land_Mil_WallBig_4m_F",[10825.7,10636.7,12.8348],[[0,0.99985,-0.0173316],[0.0199975,0.0173281,0.99965]],[false,false]],
    ["Land_Mil_WallBig_4m_F",[10821.9,10636.7,12.9054],[[0,0.99985,-0.0173316],[0.0106641,0.0173306,0.999793]],[false,false]],
    ["Land_Mil_WallBig_4m_F",[10818,10636.7,12.9638],[[0,0.999743,-0.0226603],[0.0159975,0.0226574,0.999615]],[false,false]],
    ["Land_Mil_WallBig_4m_F",[10814.2,10636.8,13.0177],[[0,0.999743,-0.0226603],[0.00799344,0.0226595,0.999711]],[false,false]],
    ["Land_Mil_WallBig_4m_F",[10810.3,10636.8,13.0626],[[0,0.999645,-0.0266548],[0.0119949,0.0266529,0.999573]],[false,false]],
    ["Land_Mil_WallBig_4m_F",[10808.4,10636.8,13.0849],[[0,0.999645,-0.0266548],[0.0119949,0.0266529,0.999573]],[false,false]],
    ["Land_CncBarrier_stripes_F",[10807.8,10640.3,12.9848],[[0,1,0],[0,0,1]],[false,false]],
    ["Land_CncBarrier_stripes_F",[10810.5,10640.4,12.9544],[[0,1,0],[0,0,1]],[false,false]],
    ["Land_Mil_WallBig_4m_F",[10793.1,10636.6,13.2197],[[0,0.999488,-0.031983],[0.00800059,0.031982,0.999456]],[false,false]],
    ["Land_Mil_WallBig_4m_F",[10789.3,10636.6,13.2449],[[0,0.999445,-0.033315],[0.00666787,0.0333142,0.999423]],[false,false]],
    ["Land_Mil_WallBig_4m_F",[10785.4,10636.6,13.2704],[[0,0.999445,-0.033315],[0.00666787,0.0333142,0.999423]],[false,false]],
    ["Land_Mil_WallBig_4m_F",[10781.6,10636.7,13.3313],[[0,0.999999,-0.00133721],[0.00666787,0.00133718,0.999977]],[false,false]],
    ["Land_Mil_WallBig_4m_F",[10777.7,10636.7,13.357],[[0,0.999999,-0.00133721],[0.00666787,0.00133718,0.999977]],[false,false]],
    ["Land_Mil_WallBig_4m_F",[10773.9,10636.8,13.4564],[[0,0.998785,0.0492734],[0.00800059,-0.0492718,0.998753]],[false,false]],
    ["Land_Mil_WallBig_4m_F",[10770,10636.8,13.488],[[0,0.998785,0.0492734],[0.00800059,-0.0492718,0.998753]],[false,false]],
    ["Land_Mil_WallBig_4m_F",[10766.2,10636.7,13.476],[[0,0.999968,0.00799344],[0.0119949,-0.00799286,0.999896]],[false,false]],
    ["Land_Mil_WallBig_4m_F",[10762.4,10636.7,13.5193],[[0,0.999968,0.00800059],[-0.0053265,-0.00800048,0.999954]],[false,false]],
    ["Land_Mil_WallBig_4m_F",[10758.5,10636.7,13.5547],[[0,0.999928,-0.012],[0.0146639,0.0119987,0.99982]],[false,false]],
    ["Land_Mil_WallBig_4m_F",[10754.6,10636.7,13.6148],[[0,0.999928,-0.011995],[0.023991,0.0119916,0.99964]],[false,false]],
    ["Land_Mil_WallBig_4m_F",[10750.8,10636.7,13.6663],[[0,0.999999,0.00133688],[0.0106641,-0.0013368,0.999942]],[false,false]],
    ["Land_Mil_WallBig_4m_F",[10746.9,10636.7,13.7176],[[0,0.999999,0.00133688],[0.0279894,-0.00133635,0.999607]],[false,false]],
    ["Land_Mil_WallBig_4m_F",[10743.2,10636.7,14.0187],[[0,1,0],[0,0,1]],[false,false]],
    ["Land_Mil_WallBig_4m_F",[10739.3,10636.8,13.482],[[0,0.997224,0.0744595],[0.02133,-0.0744426,0.996997]],[false,false]],
    ["Land_Mil_WallBig_4m_F",[10735.5,10636.8,13.5476],[[0,0.996815,0.0797452],[0.0159975,-0.079735,0.996688]],[false,false]],
    ["Land_Mil_WallBig_4m_F",[10731.6,10636.8,13.6176],[[0,0.996815,0.0797452],[0.0253248,-0.0797197,0.996496]],[false,false]],
    ["Land_Mil_WallBig_4m_F",[10727.6,10636.8,13.9123],[[0,0.999679,0.0253248],[0.0797452,-0.0252441,0.996496]],[false,false]],
    ["Land_Mil_WallBig_4m_F",[10724,10636.8,14.0817],[[0,0.999679,0.0253248],[-0.033315,-0.0253107,0.999124]],[false,false]],
    ["Land_Mil_WallBig_4m_F",[10720.1,10636.7,14.1104],[[0,0.999826,-0.0186628],[0.0106641,0.0186617,0.999769]],[false,false]],
    ["Land_Mil_WallBig_4m_F",[10716.1,10636.7,14.2242],[[0,0.999826,-0.0186628],[0.0598914,0.0186293,0.998031]],[false,false]],
    ["Land_Mil_WallBig_4m_F",[10712.4,10636.7,14.2893],[[0,0.999772,0.02133],[0.0199975,-0.0213257,0.999573]],[false,false]],
    ["Land_Mil_WallBig_4m_F",[10708.5,10636.7,14.9191],[[0,1,0],[0,0,1]],[false,false]],
    ["Land_Mil_WallBig_4m_F",[10704.7,10636.7,15.2573],[[0,1,0],[0,0,1]],[false,false]],
    ["Land_Mil_WallBig_4m_F",[10700.8,10636.8,15.0695],[[0,0.996601,0.0823849],[0.0199947,-0.0823684,0.996401]],[false,false]],
    ["Land_Mil_WallBig_4m_F",[10696.9,10636.8,15.0086],[[0,0.993187,0.116533],[-0.0146643,-0.116521,0.99308]],[false,false]],
    ["Land_Mil_WallBig_4m_F",[10693,10636.6,15.0125],[[0,1,0],[0,0,1]],[false,false]],
    ["Land_Mil_WallBig_4m_F",[10689.2,10636.7,14.6562],[[0,1,0],[0,0,1]],[false,false]],
    ["Land_Mil_WallBig_4m_F",[10685.3,10636.7,14.1367],[[0,0.999968,0.00800059],[0.0213271,-0.00799877,0.999741]],[false,false]],
    ["Land_Mil_WallBig_4m_F",[10681.4,10636.6,14.2188],[[0,0.999968,0.00800059],[0.0213271,-0.00799877,0.999741]],[false,false]],
    ["Land_Mil_WallBig_4m_F",[10677.5,10636.7,14.4488],[[0,0.999147,0.0412979],[0.0612179,-0.0412205,0.997273]],[false,false]],
    ["Land_Mil_WallBig_4m_F",[10673.7,10636.7,14.684],[[0,0.999147,0.0412979],[0.0612179,-0.0412205,0.997273]],[false,false]],
    ["Land_Mil_WallBig_4m_F",[10669.8,10636.7,15.1021],[[0,1,0],[0,0,1]],[false,false]],
    ["Land_Mil_WallBig_4m_F",[10665.9,10636.8,14.6192],[[0,0.997696,0.0678431],[-0.0266571,-0.067819,0.997341]],[false,false]],
    ["Land_Mil_WallBig_4m_F",[10662,10636.6,14.5555],[[0,1,0],[0,0,1]],[false,false]],
    ["Land_Mil_WallBig_4m_F",[10658.1,10636.7,14.1545],[[0,1,0],[0,0,1]],[false,false]],
    ["Land_Mil_WallBig_4m_F",[10654.3,10636.7,13.8584],[[0,1,0],[0,0,1]],[false,false]],
    ["Land_Mil_WallBig_4m_F",[10650.4,10636.7,13.7733],[[0,1,0],[0,0,1]],[false,false]],
    ["Land_Mil_WallBig_4m_F",[10646.6,10636.7,13.7599],[[0,1,0],[0,0,1]],[false,false]],
    ["Land_Mil_WallBig_4m_F",[10642.8,10636.5,13.49],[[0,0.998205,-0.0598916],[0.00932853,0.059889,0.998161]],[false,false]],
    ["Land_Mil_WallBig_4m_F",[10638.9,10636.7,13.9561],[[0,1,0],[0,0,1]],[false,false]],
    ["Land_Mil_WallBig_4m_F",[10635.1,10636.7,14.3171],[[0,1,0],[0,0,1]],[false,false]],
    ["Land_Mil_WallBig_4m_F",[10631.2,10636.7,13.984],[[0,1,0],[0,0,1]],[false,false]],
    ["Land_Mil_WallBig_4m_F",[10627.4,10636.7,13.3203],[[0,1,0],[0,0,1]],[false,false]],
    ["Land_Mil_WallBig_4m_F",[10623.6,10636.6,12.4384],[[0,1,0],[0,0,1]],[false,false]],
    ["Land_Mil_WallBig_4m_F",[10619.7,10636.6,11.4607],[[0,1,0],[0,0,1]],[false,false]],
    ["Land_Mil_WallBig_4m_F",[10615.9,10636.6,10.848],[[0,1,0],[0,0,1]],[false,false]],
    ["Land_Mil_WallBig_4m_F",[10612,10636.6,10.366],[[0,1,0],[0,0,1]],[false,false]],
    ["Land_Mil_WallBig_4m_F",[10608.2,10636.6,9.79758],[[0,1,0],[0,0,1]],[false,false]],
    ["Land_Mil_WallBig_4m_F",[10604.4,10636.5,9.12961],[[0,1,0],[0,0,1]],[false,false]],
    ["Land_Mil_WallBig_4m_F",[10600.6,10636.4,8.43842],[[0,1,0],[0,0,1]],[false,false]],
    ["Land_Mil_WallBig_4m_F",[10596.7,10636.5,7.58427],[[0,1,0],[0,0,1]],[false,false]],
    ["Land_Mil_WallBig_4m_F",[10592.9,10636.5,6.79674],[[0,1,0],[0,0,1]],[false,false]],
    ["Land_Mil_WallBig_4m_F",[10589,10636.4,6.2319],[[0,1,0],[0,0,1]],[false,false]],
    ["Land_Mil_WallBig_4m_F",[10585.2,10636.4,5.65727],[[0,1,0],[0,0,1]],[false,false]],
    ["Land_Mil_WallBig_4m_F",[10581.3,10636.3,5.3964],[[-0.0427353,0.999086,0],[0,0,1]],[false,false]],
    ["Land_Mil_WallBig_4m_F",[10577.5,10636.2,4.83769],[[0,1,0],[0,0,1]],[false,false]],
    ["Land_Mil_WallBig_4m_F",[10573.7,10636.2,4.16906],[[0,1,0],[0,0,1]],[false,false]],
    ["Land_Mil_WallBig_4m_F",[10569.8,10636.2,3.61576],[[0,1,0],[0,0,1]],[false,false]],
    ["Land_Mil_WallBig_4m_F",[10566,10636.2,3.14055],[[0,1,0],[0,0,1]],[false,false]],
    ["Land_Mil_WallBig_4m_F",[10562.1,10636.2,2.98615],[[0,1,0],[0,0,1]],[false,false]],
    ["Land_Mil_WallBig_4m_F",[10558.3,10636.1,2.64873],[[0,1,0],[0,0,1]],[false,false]],
    ["Land_Mil_WallBig_4m_F",[10554.5,10636.1,1.78706],[[0,1,0],[0,0,1]],[false,false]],
    ["Land_Mil_WallBig_4m_F",[10550.6,10636.1,0.811343],[[0,1,0],[0,0,1]],[false,false]],
    ["Land_Mil_WallBig_4m_F",[10546.8,10636,-0.717605],[[0,1,0],[0,0,1]],[false,false]],
    ["Land_Mil_WallBig_4m_F",[10542.9,10636,-1.10098],[[0,1,0],[0,0,1]],[false,false]],
    ["Land_Mil_WallBig_4m_F",[10539.1,10636,-1.27006],[[0,1,0],[0,0,1]],[false,false]],
    ["Land_Mil_WallBig_4m_F",[10535.2,10636.1,-1.92084],[[0,0.999091,0.042629],[0.018666,-0.0426216,0.998917]],[false,false]],
    ["Land_Mil_WallBig_4m_F",[10531.4,10636.1,-1.84895],[[0,0.999091,0.042629],[0.018666,-0.0426216,0.998917]],[false,false]],
    ["Land_Mil_WallBig_4m_F",[10527.5,10636,-1.7568],[[0,0.999986,0.00532655],[0.0359766,-0.0053231,0.999338]],[false,false]],
    ["Land_Mil_WallBig_4m_F",[10523.7,10635.9,-1.61828],[[0,0.999986,0.00532655],[0.0359766,-0.0053231,0.999338]],[false,false]],
    ["Land_Mil_WallBig_4m_F",[10519.9,10636,-1.59928],[[0,0.998913,0.0466162],[-0.0186628,-0.0466081,0.998739]],[false,false]],
    ["Land_Mil_WallBig_4m_F",[10516.1,10636,-1.6707],[[0,0.998913,0.0466162],[-0.0186628,-0.0466081,0.998739]],[false,false]],
    ["Land_Mil_WallBig_4m_F",[10512.3,10635.8,-1.79044],[[0,0.999488,-0.031983],[-0.0226603,0.0319748,0.999232]],[false,false]],
    ["Land_Mil_WallBig_4m_F",[10508.4,10635.8,-1.87762],[[0,0.999488,-0.031983],[-0.0226603,0.0319748,0.999232]],[false,false]],
    ["Land_Mil_WallBig_4m_F",[10504.8,10635.9,-2.11888],[[0,0.999712,0.0239934],[-0.0902964,-0.0238954,0.995628]],[false,false]],
    ["Land_Mil_WallBig_4m_F",[10500.9,10635.9,-2.4665],[[0,0.999712,0.0239934],[-0.0902964,-0.0238954,0.995628]],[false,false]],
    ["Land_Mil_WallBig_4m_F",[10497,10636.1,-2.6855],[[0,0.998042,0.0625434],[-0.0532575,-0.0624546,0.996626]],[false,false]],
    ["Land_Mil_WallBig_4m_F",[10493.2,10636.1,-2.88805],[[0,0.998042,0.0625434],[-0.0532575,-0.0624546,0.996626]],[false,false]],
    ["Land_Mil_WallBig_4m_F",[10489.6,10636.2,-3.33675],[[0,0.993187,0.116534],[-0.165678,-0.114923,0.979461]],[false,false]],
    ["Land_Mil_WallBig_4m_F",[11032.4,10639.7,-1.76264],[[0,0.997785,0.066519],[0.069168,-0.0663597,0.995395]],[false,false]],
    ["Land_Mil_WallBig_4m_F",[11036.4,10639.6,-1.99396],[[0,1,0],[0,0,1]],[false,false]],
    ["Land_Mil_WallBig_4m_F",[11040.3,10639.6,-2.80393],[[0,1,0],[0,0,1]],[false,false]],
    ["Land_CncBarrier_stripes_F",[10793.4,10640.3,13.0821],[[0,1,0],[0,0,1]],[false,false]],
    ["Land_Mound02_8m_F",[10796.4,10639.7,13.0824],[[0.999438,0.0335282,0],[0,0,1]],[false,false]],
    ["Land_Mound02_8m_F",[10795.9,10631.8,13.3308],[[-0.999629,-0.0272383,0],[0,0,1]],[false,false]],
    ["Land_CncBarrier_stripes_F",[10790.7,10640.3,13.0986],[[0,1,0],[0,0,1]],[false,false]],
    ["Land_i_Barracks_V2_F",[10774.7,10621.7,13.7656],[[0,0.999679,-0.0253251],[0.0026744,0.025325,0.999676]],[false,false]],
    ["Strategic",[10805.6,10615.4,13.6816],[[0,0.999645,-0.0266571],[0.0146682,0.0266542,0.999537]],[false,false]],
    ["Land_Cargo_Patrol_V2_F",[10812.4,10632.8,13.0953],[[0.0203363,-0.999542,0.0224117],[0.0119949,0.0226586,0.999671]],[false,false]],
    ["Land_Cargo_Patrol_V2_F",[10789.2,10632.5,13.3258],[[0.0034569,-0.999483,0.0319598],[0.00666787,0.0319823,0.999466]],[false,false]],
    ["Land_Cargo_HQ_V2_F",[10812.1,10610.3,13.7066],[[0,1,0],[0,0,1]],[false,false]],
    ["CamoNet_OPFOR_big_Curator_F",[10788.6,10605.8,14.1491],[[-0.999608,-0.027317,0.00610248],[0.00533751,0.027989,0.999594]],[false,false]],
    ["Land_MilOffices_V1_F",[10786.4,10564.2,15.2145],[[-0.999975,0.00703187,0],[0,0,1]],[false,false]],
    ["Land_Research_HQ_F",[10811.9,10592.5,14.2386],[[0,1,0],[0,0,1]],[false,false]],
    ["Land_Dome_Big_F",[10522,10174.6,8.98825],[[0.801493,0.597791,-0.0159722],[0.00799344,0.0159972,0.99984]],[false,false]],
    ["Land_Medevac_HQ_V1_F",[10509.3,10182.6,9.57247],[[-0.800404,-0.599461,0],[0,0,1]],[false,false]],
    ["Land_Medevac_house_V1_F",[10521.5,10185.4,9.11935],[[-0.554997,0.831852,0],[0,0,1]],[false,false]],
    ["Land_Medevac_HQ_V1_ruins_F",[10535.7,10172,9.42581],[[0.840157,0.542343,0],[0,0,1]],[false,false]],
    ["Land_Medevac_house_V1_ruins_F",[10519,10165.2,9.07834],[[0.58732,-0.809355,0],[0,0,1]],[false,false]],
    ["Land_Medevac_house_V1_ruins_F",[10513.2,10160.6,9.32209],[[0.63665,-0.771153,0],[0,0,1]],[false,false]],
    ["Land_ReservoirTank_V1_ruins_F",[10522.6,10157,9.5505],[[-0.952435,-0.304743,0],[0,0,1]],[false,false]],
    ["Land_BarGate_F_Preview",[10800.9,10638.7,13.0864],[[0,0.99957,-0.0293202],[0.00932853,0.0293189,0.999527]],[false,false]],
    ["Land_Wreck_HMMWV_F",[10792,10605.5,14.1398],[[-0.99645,-0.083835,0.00766814],[0.00533751,0.027989,0.999594]],[false,false]],
    ["Land_Wreck_Hunter_F",[10791.5,10610.6,13.9846],[[-0.967113,-0.253966,0.0138927],[0.00665928,0.0293195,0.999548]],[false,false]],
    ["Land_Wreck_Skodovka_F",[10837.7,10443.7,16.1787],[[0,0.999996,-0.00265204],[0.0386364,0.00265006,0.99925]],[false,false]],
    ["Land_Wreck_Plane_Transport_01_F",[10807.4,10189.3,15.4073],[[0.709773,0.703268,0.0404588],[-0.0199947,-0.0372986,0.999104]],[false,false]],
    ["Land_UWreck_Heli_Attack_02_F",[10482.6,10609.4,-5.19186],[[0.913153,0.407255,-0.0171998],[-0.0810651,0.222795,0.971489]],[false,false]],
    ["Land_Wreck_Traw_F",[10401.8,10617.5,-10.2768],[[0.401933,-0.901206,0.162103],[-0.0439564,0.157838,0.986486]],[false,false]],
    ["Land_Wreck_Ural_F",[10796.3,10651.8,12.685],[[-0.120649,0.992064,-0.035394],[0.00265199,0.0359764,0.999349]],[false,false]],
    ["Land_Wreck_Slammer_F",[10806.5,10570.5,14.8995],[[-0.557013,-0.830135,0.0247578],[0.0106641,0.022659,0.999686]],[false,false]],
    ["Land_Scrap_MRAP_01_F",[10799.9,10579.8,14.7484],[[0.537349,0.843094,-0.0211609],[0.00800059,0.0199941,0.999768]],[false,false]],
    ["Land_ScrapHeap_1_F",[10810.9,10570.1,14.7999],[[0,0.999743,-0.0226603],[0.02266,0.0226544,0.999487]],[false,false]],
    ["Land_ScrapHeap_2_F",[10793,10530.1,15.8425],[[0.301582,0.953268,-0.0181275],[0.00532655,0.0173279,0.999836]],[false,false]],
    ["Land_Device_assembled_F",[10816.7,10594.2,14.8403],[[0,1,0],[0,0,1]],[false,false]],
    ["Land_Device_disassembled_F",[10810.3,10593.7,14.8403],[[0,1,0],[0,0,1]],[false,false]],
    ["Land_PaperBox_open_empty_F",[10812.8,10616.1,13.5357],[[-0.633969,0.773309,-0.00878368],[0.0186626,0.0266524,0.999471]],[false,false]],
    ["Land_PressureWasher_01_F",[10814.2,10617.7,13.4679],[[0.175698,0.984001,-0.0295206],[0.0186626,0.0266524,0.999471]],[false,false]],
    ["ContainmentArea_02_sand_F",[10526.1,10189.7,9.32509],[[-0.837733,-0.545883,0.0146729],[0.0253248,-0.0119958,0.999607]],[false,false]],
    ["WaterPump_01_sand_F",[10531.2,10192.1,9.26536],[[0,0.999608,0.027987],[-0.012,-0.027985,0.999536]],[false,false]],
    ["Land_PressureWasher_01_F",[10531.1,10189.2,9.21619],[[0.14596,0.989226,0.0112878],[0.00399666,-0.0119995,0.99992]],[false,false]],
    ["Land_Razorwire_F",[10815.9,10640.6,12.9237],[[0,0.999743,-0.0226603],[0.0159975,0.0226574,0.999615]],[false,false]],
    ["Land_Razorwire_F",[10824,10640.7,12.8228],[[0,0.99985,-0.0173316],[0.0106641,0.0173306,0.999793]],[false,false]],
    ["Land_Razorwire_F",[10832.2,10640.7,12.8908],[[0,0.998361,0.0572386],[-0.033315,-0.0572068,0.997806]],[false,false]],
    ["Land_Razorwire_F",[10840.5,10640.9,12.8976],[[0,0.999147,0.0412993],[0.212376,-0.0403572,0.976354]],[false,false]],
    ["Land_Razorwire_F",[10848.5,10640.8,11.6361],[[0,0.997605,0.069167],[-0.086343,-0.0689087,0.993879]],[false,false]],
    ["Land_Razorwire_F",[10856.8,10640.7,12.1815],[[0,0.993033,0.117839],[-0.0559124,-0.117655,0.991479]],[false,false]],
    ["Land_Razorwire_F",[10864.9,10640.5,12.4889],[[0,0.992877,0.119145],[-0.0173316,-0.119127,0.992728]],[false,false]],
    ["Land_Razorwire_F",[10873.2,10640.5,12.6458],[[0,0.994635,0.103442],[-0.0133317,-0.103433,0.994547]],[false,false]],
    ["Land_Razorwire_F",[10881.5,10640.4,12.4807],[[0,0.996491,0.0837054],[0.0506016,-0.0835982,0.995214]],[false,false]],
    ["Land_Razorwire_F",[10889.7,10640.4,12.4928],[[0,0.997418,0.071814],[-0.0226603,-0.0717956,0.997162]],[false,false]],
    ["Land_Razorwire_F",[10898,10640.7,12.9151],[[0,0.998042,0.0625424],[0.023991,-0.0625244,0.997755]],[false,false]],
    ["Land_Razorwire_F",[10906.1,10640.7,12.8653],[[0,0.996491,0.0837054],[0.0545853,-0.0835806,0.995005]],[false,false]],
    ["Land_Razorwire_F",[10914.2,10640.8,12.2688],[[0,0.998361,0.0572386],[0.071814,-0.0570908,0.995783]],[false,false]],
    ["Land_Razorwire_F",[10922.5,10640.9,11.6756],[[0,0.995168,0.09819],[0.00401145,-0.0981892,0.99516]],[false,false]],
    ["Land_Razorwire_F",[10930.7,10641,11.599],[[0,0.999743,0.02266],[0.11392,-0.0225125,0.993235]],[false,false]],
    ["Land_Razorwire_F",[10938.8,10641,10.8826],[[0,0.998651,0.0519298],[-0.00667711,-0.0519286,0.998628]],[false,false]],
    ["Land_Razorwire_F",[10946.9,10641.1,10.7267],[[0,0.998785,0.0492734],[0.0744595,-0.0491366,0.996013]],[false,false]],
    ["Land_Razorwire_F",[10955,10641.2,9.65186],[[0,0.994359,0.106065],[0.196116,-0.104005,0.975049]],[false,false]],
    ["Land_Razorwire_F",[10963,10641.4,8.23377],[[0,0.988644,0.150274],[0.145114,-0.148683,0.97818]],[false,false]],
    ["Land_Razorwire_F",[10971.1,10641.7,7.26049],[[0,0.995795,0.0916127],[0.115228,-0.0910025,0.989162]],[false,false]],
    ["Land_Razorwire_F",[10979.3,10641.7,6.57388],[[0,0.997696,0.0678431],[0.0678431,-0.0676868,0.995397]],[false,false]],
    ["Land_Razorwire_F",[10987.3,10641.8,5.74401],[[0,0.999679,0.0253272],[0.123057,-0.0251347,0.992081]],[false,false]],
    ["Land_Razorwire_F",[10995.6,10642,4.98326],[[0,0.985747,0.168234],[0.164398,-0.165945,0.972335]],[false,false]],
    ["Land_Razorwire_F",[11003.5,10642.3,3.87726],[[0,0.995915,0.0902964],[0.363884,-0.0841061,0.927639]],[false,false]],
    ["Land_Razorwire_F",[11011.1,10642.5,0.792558],[[0,0.999911,-0.0133317],[0.189818,0.0130893,0.981732]],[false,false]],
    ["Land_Razorwire_F",[10785.3,10640.5,13.1335],[[0,0.999445,-0.033315],[0.00666787,0.0333142,0.999423]],[false,false]],
    ["Land_Razorwire_F",[10777.1,10640.5,13.476],[[0,0.999999,-0.00133721],[0.0585653,0.00133492,0.998283]],[false,false]],
    ["Land_Razorwire_F",[10768.7,10640.5,13.6088],[[0,0.998785,0.0492734],[-0.0293202,-0.0492522,0.998356]],[false,false]],
    ["Land_Razorwire_F",[10760.5,10640.6,13.5352],[[0,0.999968,0.00800059],[-0.0053265,-0.00800048,0.999954]],[false,false]],
    ["Land_Razorwire_F",[10752.3,10640.5,13.6589],[[0,0.999928,-0.011995],[0.023991,0.0119916,0.99964]],[false,false]],
    ["Land_Razorwire_F",[10744.1,10640.4,13.852],[[0,0.999999,0.00133688],[0.0279894,-0.00133635,0.999607]],[false,false]],
    ["Land_Razorwire_F",[10735.6,10640.3,13.8909],[[0,0.997224,0.0744595],[0.02133,-0.0744426,0.996997]],[false,false]],
    ["Land_Razorwire_F",[10727.3,10640.2,14.0789],[[0,0.996815,0.0797452],[0.0253248,-0.0797197,0.996496]],[false,false]],
    ["Land_Razorwire_F",[10719.2,10640.2,14.063],[[0,0.999826,-0.0186628],[0.0106641,0.0186617,0.999769]],[false,false]],
    ["Land_Razorwire_F",[10711.8,10640.1,14.4188],[[0,0.999772,0.02133],[0.0199975,-0.0213257,0.999573]],[false,false]],
    ["Land_Razorwire_F",[10703.7,10640.1,15.3919],[[0,0.996601,0.0823849],[0.0810651,-0.0821137,0.993321]],[false,false]],
    ["Land_Razorwire_F",[10695.4,10639.9,15.3822],[[0,0.993187,0.116533],[-0.0146643,-0.116521,0.99308]],[false,false]],
    ["Land_Razorwire_F",[10687.2,10640,14.208],[[0,0.999743,0.02266],[0.00665928,-0.0226595,0.999721]],[false,false]],
    ["Land_Razorwire_F",[10679.3,10640,14.5167],[[0,0.999968,0.00799344],[0.0942449,-0.00795786,0.995517]],[false,false]],
    ["Land_Razorwire_F",[10671.2,10640.1,14.9167],[[0.036121,0.998495,0.041271],[0,-0.0412979,0.999147]],[false,false]],
    ["Land_Razorwire_F",[10663.2,10640.3,14.3023],[[0,0.997696,0.0678431],[-0.159274,-0.066977,0.98496]],[false,false]],
    ["Land_Razorwire_F",[10655.3,10640.3,13.4024],[[0,0.999978,0.00666787],[-0.0995036,-0.00663478,0.995015]],[false,false]],
    ["Land_Razorwire_F",[10647.4,10640.3,13.2045],[[0,0.998361,-0.0572388],[0.00666787,0.0572376,0.998338]],[false,false]],
    ["Land_Razorwire_F",[10639.5,10640.3,13.4808],[[0,0.998205,-0.0598916],[0.0519298,0.0598108,0.996858]],[false,false]],
    ["Land_Razorwire_F",[10632.7,10640.3,13.536],[[0,0.997418,-0.0718131],[-0.0266571,0.0717876,0.997064]],[false,false]],
    ["Land_Razorwire_F",[10624.6,10640.3,12.2567],[[0,0.998124,0.0612179],[-0.197373,-0.0600137,0.97849]],[false,false]],
    ["Land_Razorwire_F",[10616.7,10640.4,11.0648],[[0,0.994219,0.107375],[-0.0995042,-0.106843,0.989284]],[false,false]],
    ["Land_Razorwire_F",[10609,10640.5,9.84312],[[0,0.983954,0.178424],[-0.164399,-0.175996,0.970566]],[false,false]],
    ["Land_Razorwire_F",[10601.2,10640.8,8.21427],[[0,0.990342,0.138648],[-0.241927,-0.134529,0.960923]],[false,false]],
    ["Land_Razorwire_F",[10593.9,10640.9,6.66756],[[0,0.99692,0.0784243],[-0.213619,-0.076614,0.973908]],[false,false]],
    ["Land_Razorwire_F",[10585.9,10641.1,5.57993],[[0,0.998509,0.0545853],[-0.106065,-0.0542774,0.992877]],[false,false]],
    ["Land_Razorwire_F",[10577.9,10641.1,4.4083],[[0,0.998042,0.0625443],[-0.155422,-0.0617843,0.985914]],[false,false]],
    ["Land_Razorwire_F",[10570.1,10641.2,3.48448],[[0,0.998436,0.0559122],[-0.111304,-0.0555648,0.992232]],[false,false]],
    ["Land_Razorwire_F",[10562,10641.3,2.68283],[[0,0.997696,0.0678431],[-0.0955606,-0.0675326,0.99313]],[false,false]],
    ["Land_Razorwire_F",[10554,10641.3,1.76112],[[0,0.99957,0.0293221],[-0.121754,-0.0291039,0.992133]],[false,false]],
    ["Land_Razorwire_F",[10547.3,10641.3,0.133134],[[0,1,0],[0,0,1]],[false,false]],
    ["Land_Wreck_HMMWV_F",[10518.6,10168.7,9.08908],[[0,0.999999,0.00133688],[0.00800059,-0.00133683,0.999967]],[false,false]]
];
{
    private _object = (_x select 0) createVehicle [0,0,0];
    _object setPosASL (_x select 1);
    _object setVectorDirAndUp (_x select 2);
    _object enableSimulationGlobal ((_x select 3) select 0);
    _object allowDamage ((_x select 3) select 1);
} forEach _objects;