private _objects = [
    ["Land_HBarrier_Big_F",[26281.7,21058.2,15.2005],[[-0.133635,-0.990297,-0.0381114],[0.00133688,-0.0386364,0.999252]],[false,false]],
    ["Land_HBarrier_Big_F",[26289.8,21056.8,15.1619],[[0.150876,0.987705,0.0409179],[-0.00933489,-0.0399664,0.999157]],[false,false]],
    ["Land_HBarrier_Big_F",[26298.2,21055.9,15.1513],[[0.122191,0.991994,0.0319066],[-0.00133721,-0.031983,0.999488]],[false,false]],
    ["Land_HBarrier_Big_F",[26306.7,21055.1,15.1958],[[0.113986,0.992958,0.0322744],[-0.0159977,-0.0306474,0.999402]],[false,false]],
    ["Land_HBarrier_Big_F",[26308.8,21049.6,15.0953],[[0.973999,-0.226269,0.0113629],[-0.0159977,-0.0186602,0.999698]],[false,false]],
    ["Land_HBarrier_Big_F",[26307.1,21041.2,14.912],[[0.981026,-0.193031,0.0180987],[-0.0213272,-0.0146606,0.999665]],[false,false]],
    ["Land_HBarrier_Big_F",[26305.7,21033,14.7503],[[0.9809,-0.193045,0.0238412],[-0.0266548,-0.0119906,0.999573]],[false,false]],
    ["Land_HBarrier_Big_F",[26304.4,21024.7,14.6935],[[0.981217,-0.192664,0.00964855],[-0.0080009,0.0093282,0.999924]],[false,false]],
    ["Land_HBarrier_Big_F",[26303.2,21016.3,14.6432],[[0.981162,-0.192874,0.0110255],[-0.0133317,-0.0106631,0.999854]],[false,false]],
    ["Land_HBarrier_Big_F",[26300.7,21008.7,14.6291],[[0.864807,-0.501451,0.0256025],[-0.0373063,-0.013322,0.999215]],[false,false]],
    ["Land_HBarrier_Big_F",[26296.3,21001.8,14.3906],[[0.801934,-0.597151,0.0176758],[-0.0279873,-0.00799746,0.999576]],[false,false]],
    ["Land_HBarrier_Big_F",[26291.5,20995,14.1748],[[0.801904,-0.597133,0.019546],[-0.0293202,-0.00665642,0.999548]],[false,false]],
    ["Land_HBarrier_Big_F",[26286.9,20988.2,14.0198],[[0.802177,-0.596906,-0.0146703],[0.0133313,-0.00665869,0.999889]],[false,false]],
    ["Land_HBarrier_Big_F",[26287,20988.1,14.0171],[[0.802177,-0.596906,-0.0146703],[0.0133313,-0.00665869,0.999889]],[false,false]],
    ["Land_HBarrier_Big_F",[26282.1,20981.4,14.0742],[[0.801872,-0.596887,-0.0269758],[0.0306514,-0.00399479,0.999522]],[false,false]],
    ["Land_HBarrier_Big_F",[26273.4,20968.8,14.0156],[[0.802223,-0.595851,-0.0374114],[0.00800059,-0.0519281,0.998619]],[false,false]],
    ["Land_HBarrier_Big_F",[26263.4,20953.8,13.6678],[[0.802162,-0.597102,0.00221257],[-0.0146643,-0.0159958,0.999765]],[false,false]],
    ["Land_HBarrier_Big_F",[26258.6,20946.9,13.4336],[[0.801964,-0.596158,0.0380854],[-0.0266571,0.0279774,0.999253]],[false,false]],
    ["Land_HBarrier_Big_F",[26252.4,20947.4,13.4097],[[-0.573531,-0.819178,-0.00317001],[0.00399666,-0.00666781,0.99997]],[false,false]],
    ["Land_HBarrier_Big_F",[26245.4,20951.9,13.4319],[[-0.573531,-0.819147,-0.00775441],[-0.00399675,-0.00666781,0.99997]],[false,false]],
    ["Land_HBarrier_Big_F",[26238.5,20956.7,13.471],[[-0.573503,-0.819122,0.0115785],[0.0106641,0.0066678,0.999921]],[false,false]],
    ["Land_HBarrier_Big_F",[26231.5,20961.4,13.4994],[[-0.573523,-0.819137,0.00928661],[0.00666787,0.00666803,0.999956]],[false,false]],
    ["Land_HBarrier_Big_F",[26264.9,21055.6,15.0805],[[-0.960867,0.275592,-0.0279868],[-0.0359766,-0.0239779,0.999065]],[false,false]],
    ["Land_HBarrier_Big_F",[26254.6,21060.4,14.8525],[[0.0876028,-0.996,-0.0175821],[-0.0266571,-0.0199876,0.999445]],[false,false]],
    ["Land_HBarrier_Big_F",[26246.3,21060.2,14.6381],[[-0.0845734,-0.996204,-0.0206285],[-0.0239937,-0.0186606,0.999538]],[false,false]],
    ["Land_HBarrier_Big_F",[26230.3,21062.4,14.7209],[[-0.231459,-0.972731,-0.0148854],[0.0253248,-0.0213203,0.999452]],[false,false]],
    ["Land_HBarrier_Big_F",[26238.9,21060.6,14.5628],[[-0.231533,-0.972639,-0.0191419],[0.00133688,-0.0199946,0.999799]],[false,false]],
    ["Land_HBarrier_Big_F",[26221.9,21063.4,14.9403],[[-0.0857742,-0.996307,-0.00389861],[0.031983,-0.00666446,0.999466]],[false,false]],
    ["Land_HBarrier_Big_F",[26218.1,21058.7,14.9449],[[0.958504,-0.284825,-0.0120376],[0.00265199,-0.0333149,0.999441]],[false,false]],
    ["Land_HBarrier_Big_F",[26215.4,21050.6,14.6934],[[0.913681,-0.406283,-0.0109718],[0.00133688,-0.023991,0.999711]],[false,false]],
    ["Land_HBarrier_Big_F",[26209.6,21036.6,14.6044],[[0.913447,-0.406082,-0.026658],[0.0226577,-0.0146564,0.999636]],[false,false]],
    ["Land_HBarrier_Big_F",[26206.2,21028.7,14.5782],[[0.913447,-0.405856,-0.0299085],[0.02266,-0.0226542,0.999487]],[false,false]],
    ["Land_HBarrier_Big_F",[26202.5,21021.1,14.4682],[[0.843933,-0.535322,-0.0347335],[0.0199975,-0.0333084,0.999245]],[false,false]],
    ["Land_HBarrier_Big_F",[26194.5,21008.8,14.2629],[[0.840109,-0.541937,-0.0228356],[0.0159975,-0.017326,0.999722]],[false,false]],
    ["Land_HBarrier_Big_F",[26190.1,21001.5,14.0419],[[0.860381,-0.507775,-0.0436897],[0.0239934,-0.0452737,0.998686]],[false,false]],
    ["Land_HBarrier_Big_F",[26181.7,20986.4,13.9243],[[0.859639,-0.508508,-0.0494005],[0.0479432,-0.0159753,0.998722]],[false,false]],
    ["Land_HBarrier_Big_F",[26186,20994.1,13.9374],[[0.860224,-0.507894,-0.0453586],[0.0306514,-0.0372885,0.998834]],[false,false]],
    ["Land_HBarrier_Big_F",[26184.3,20980.3,13.7471],[[0.55335,0.832614,-0.0236017],[0.0506016,-0.00531972,0.998705]],[false,false]],
    ["Land_HBarrier_Big_F",[26191.2,20975.3,13.4076],[[0.542803,0.839392,-0.0280261],[0.0412979,0.00665355,0.999125]],[false,false]],
    ["Land_HBarrier_Big_F",[26197.6,20975.4,13.1946],[[0.860628,-0.509234,-0.000199641],[-0.00133721,-0.00265199,0.999996]],[false,false]],
    ["Land_HBarrier_Big_F",[26202.7,20978.1,13.173],[[0.50905,0.860577,0.0165801],[0.00800059,-0.0239926,0.99968]],[false,false]],
    ["Land_HBarrier_Big_F",[26210.4,20974.3,13.1927],[[0.509067,0.860617,-0.0137664],[0,0.015994,0.999872]],[false,false]],
    ["Land_HBarrier_Big_F",[26217.9,20970.1,13.3166],[[0.509038,0.860704,-0.00834161],[-0.0106641,0.0159968,0.999815]],[false,false]],
    ["Land_HBarrier_Big_F",[26224.3,20965.7,13.4414],[[0.50892,0.860727,0.0122131],[-0.0239912,0,0.999712]],[false,false]],
    ["Land_CncBarrierMedium4_F",[26277.4,21059.4,15.2509],[[-0.984967,0.17274,0],[0,0,1]],[false,false]],
    ["Land_CncBarrierMedium4_F",[26267.5,21060.6,15.2296],[[0.977261,-0.212041,0],[0,0,1]],[false,false]],
    ["Land_CncBarrierMedium4_F",[26266,21053.4,15.0333],[[0.977261,-0.212041,0],[0,0,1]],[false,false]],
    ["Land_CncBarrierMedium4_F",[26276.2,21051.9,14.9839],[[-0.984967,0.17274,0],[0,0,1]],[false,false]],
    ["Land_HBarrier_Big_F",[26262.1,21060.7,15.1132],[[0.00768719,-0.999867,-0.0143868],[-0.0359766,-0.0146545,0.999245]],[false,false]],
    ["Land_HBarrier_Big_F",[26278.1,21053.6,15.0334],[[0.991468,-0.12989,-0.0109445],[0.00666787,-0.0333143,0.999423]],[false,false]],
    ["Land_Wreck_BMP2_F",[26274.3,21059,15.2476],[[0.377738,-0.925202,-0.0362786],[0.00133688,-0.0386364,0.999252]],[false,false]],
    ["Land_Cargo_Patrol_V2_F",[26260.3,21056.2,14.9669],[[-0.156678,-0.987411,-0.0217124],[-0.0293202,-0.0173241,0.99942]],[false,false]],
    ["Land_Cargo_Patrol_V2_F",[26282.9,21053.5,15.0662],[[-0.156746,-0.98691,-0.0379494],[0.00133688,-0.0386364,0.999252]],[false,false]],
    ["Land_Wreck_HMMWV_F",[26269.1,21055.2,15.0899],[[0.45958,0.887851,0.0225258],[-0.00265204,-0.0239909,0.999709]],[false,false]],
    ["Land_Cargo_Tower_V2_ruins_F",[26298.9,21047.5,14.9259],[[0.112071,0.9937,0],[0,0,1]],[false,false]],
    ["Land_Cargo_Tower_V1_No1_F",[26254.1,20953.9,13.4691],[[0.574482,0.818517,0],[0,0,1]],[false,false]],
    ["Land_Cargo_Tower_V1_No1_F",[26208.3,20984.7,13.1579],[[0.437278,0.899326,0],[0,0,1]],[false,false]],
    ["Land_Medevac_HQ_V1_F",[26193.3,20987.2,14.2246],[[0.889345,-0.457237,0],[0,0,1]],[false,false]],
    ["Land_u_Barracks_V2_F",[26272.9,20993,14.0686],[[-0.834544,0.550607,-0.0191793],[-0.0106641,0.0186617,0.999769]],[false,false]],
    ["Land_u_Barracks_V2_F",[26258.8,21003,13.8253],[[-0.834573,0.550891,-0.0026309],[-0.00666818,-0.00532643,0.999964]],[false,false]],
    ["Land_HBarrier_Big_F",[26290.2,21002.2,14.217],[[0.574025,0.81816,0.0333154],[-0.0333132,-0.0173186,0.999295]],[false,false]],
    ["Land_HBarrier_Big_F",[26283.2,21006.8,14.1076],[[0.574196,0.818266,0.0272022],[-0.0226629,-0.0173271,0.999593]],[false,false]],
    ["Land_HBarrier_Big_F",[26262,21020.9,13.9216],[[0.574325,0.818459,0.0165946],[-0.00799344,-0.0146635,0.999861]],[false,false]],
    ["Land_HBarrier_Big_F",[26255.7,21021.1,13.8997],[[-0.800124,0.59983,0.00212512],[-0.00133721,-0.00532654,0.999985]],[false,false]],
    ["Land_HBarrier_Big_F",[26251.2,21014,13.8532],[[0.822721,-0.568441,0.0021819],[-0.00265204,0,0.999996]],[false,false]],
    ["Land_HBarrier_Big_F",[26242,20999.4,13.5412],[[-0.83128,0.555751,-0.0106934],[-0.0226576,-0.0146564,0.999636]],[false,false]],
    ["Land_Cargo_HQ_V2_F",[26290,21013.5,14.4136],[[0.580344,0.814371,0],[0,0,1]],[false,false]],
    ["Land_Cargo_House_V3_F",[26292.9,21024.5,14.5571],[[0.821257,-0.570558,0],[0,0,1]],[false,false]],
    ["Land_Cargo_House_V3_F",[26296.7,21029.9,14.5767],[[0.821257,-0.570558,0],[0,0,1]],[false,false]],
    ["Land_Cargo_House_V3_F",[26284.9,21029.1,14.4944],[[-0.816215,0.577749,0],[0,0,1]],[false,false]],
    ["Land_HBarrier_Big_F",[26269,21016.3,13.9096],[[0.574325,0.818459,0.0165946],[-0.00799344,-0.0146635,0.999861]],[false,false]],
    ["Land_Cargo_House_V3_F",[26280.8,21023.1,14.31],[[-0.816215,0.577749,0],[0,0,1]],[false,false]],
    ["Land_Cargo_House_V3_F",[26276.6,21017,14.0784],[[-0.816215,0.577749,0],[0,0,1]],[false,false]],
    ["Land_HBarrier_Big_F",[26272,21020.9,14.0091],[[-0.808625,0.588321,0.00186608],[-0.0093285,-0.015993,0.999829]],[false,false]],
    ["Land_HBarrier_Big_F",[26276.9,21028.1,14.2981],[[-0.808499,0.588459,-0.00675591],[-0.0199947,-0.0159943,0.999672]],[false,false]],
    ["Land_HBarrier_Big_F",[26281.8,21035.5,14.5225],[[-0.808476,0.588486,-0.00705045],[-0.02133,-0.0173276,0.999622]],[false,false]],
    ["Land_HBarrier_Big_F",[26288.1,21051.7,14.9563],[[0.98297,-0.183477,0.0103521],[-0.0159977,-0.0293164,0.999442]],[false,false]],
    ["CUP_B_CDF_Soldier_MG",[26268.8,21047.5,14.8146],[[0,1,0],[0,0,1]],[false,false]],
    ["Land_HBarrier_Big_F",[26237.4,20992.3,13.3605],[[-0.831368,0.555645,-0.00922473],[-0.0173316,-0.00933333,0.999806]],[false,false]],
    ["Land_HBarrier_Big_F",[26240.1,20986.4,13.3615],[[-0.590419,-0.807083,-0.00471963],[-0.00799344,0,0.999968]],[false,false]],
    ["Land_HBarrier_Big_F",[26247.2,20981.5,13.391],[[-0.590395,-0.806917,-0.0178412],[-0.011995,-0.0133304,0.999839]],[false,false]],
    ["Land_HBarrier_Big_F",[26266.5,20968.1,13.7699],[[-0.590349,-0.806343,-0.0360389],[-0.0173282,-0.0319782,0.999338]],[false,false]],
    ["Land_HBarrier_Big_F",[26259.7,20972.9,13.6457],[[-0.590207,-0.807124,-0.0143675],[-0.0279894,0.00267338,0.999605]],[false,false]],
    ["CamoNet_OPFOR_F",[26263.9,21023.8,14.0002],[[-0.515164,-0.856561,-0.0301606],[-0.00533768,-0.0319825,0.999474]],[false,false]],
    ["Land_CampingTable_F_Preview",[26266.5,21023.4,14.0125],[[-0.903375,0.428819,0.00529012],[-0.0093285,-0.0319816,0.999445]],[false,false]],
    ["Land_CampingTable_F_Preview",[26265.8,21023.7,14.0165],[[-0.903375,0.428819,0.00529012],[-0.0093285,-0.0319816,0.999445]],[false,false]],
    ["Land_CampingTable_F_Preview",[26265.1,21024,14.0206],[[-0.903375,0.428819,0.00529012],[-0.0093285,-0.0319816,0.999445]],[false,false]],
    ["Land_CampingTable_F_Preview",[26264.4,21024.4,14.0273],[[-0.903401,0.428704,0.00889364],[-0.00533768,-0.0319825,0.999474]],[false,false]],
    ["MapBoard_altis_F_Preview",[26268.4,21021.1,13.979],[[0.178341,-0.983868,-0.0140738],[-0.0093285,-0.015993,0.999829]],[false,false]],
    ["Land_MilOffices_V1_F",[26236.8,21012.4,13.5631],[[-0.840728,0.541457,0],[0,0,1]],[false,false]],
    ["Land_HBarrier_Big_F",[26253,21026.6,13.9792],[[0.574343,0.818458,0.0160454],[-0.00133721,-0.0186626,0.999825]],[false,false]],
    ["Land_HBarrier_Big_F",[26246,21031.1,14.013],[[0.574302,0.818313,0.0232587],[-0.012,-0.0199932,0.999728]],[false,false]],
    ["Land_HBarrier_Big_F",[26233,21035.3,14.1194],[[-0.716396,0.69727,0.024301],[0.00666787,-0.0279864,0.999586]],[false,false]],
    ["Land_HBarrier_Big_F",[26228.2,21028.4,14.0669],[[-0.821833,0.568856,0.031526],[0.02266,-0.0226542,0.999487]],[false,false]],
    ["Land_HBarrier_Big_F",[26223.6,21021.2,14.0588],[[-0.821387,0.567944,0.0525639],[0.0399682,-0.0346179,0.998601]],[false,false]],
    ["Land_HBarrier_Big_F",[26220.1,21015.8,14.0533],[[-0.82115,0.568128,0.0542433],[0.0466162,-0.0279589,0.998522]],[false,false]],
    ["Land_HBarrier_Big_F",[26213.6,21006.3,13.7872],[[-0.821857,0.567682,0.047833],[0.0213271,-0.0532452,0.998354]],[false,false]],
    ["Land_HBarrier_Big_F",[26216.5,21000.9,13.4438],[[-0.524028,-0.851015,-0.0341928],[0.0213271,-0.0532452,0.998354]],[false,false]],
    ["Land_HBarrier_Big_F",[26223.8,20996.3,13.2232],[[-0.552379,-0.833588,0.00290589],[0.0173315,-0.00799939,0.999818]],[false,false]],
    ["Land_HBarrier_Big_F",[26231.3,20991.8,13.2273],[[-0.520607,-0.853695,-0.0131887],[-0.0253251,0,0.999679]],[false,false]],
    ["Land_Wreck_T72_hull_F",[26238.7,21034.4,14.0817],[[-0.984122,0.177038,0.0127293],[0.00933473,-0.0199938,0.999757]],[false,false]],
    ["Land_ScrapHeap_1_F",[26242.6,21034.8,14.0437],[[-0.512212,-0.858543,-0.0233179],[-0.012,-0.0199932,0.999728]],[false,false]],
    ["Land_Cargo_House_V3_F",[26274.9,21036.4,14.4537],[[0.825565,-0.564307,0],[0,0,1]],[false,false]],
    ["Land_Cargo_House_V3_F",[26270.7,21030.1,14.2363],[[0.825565,-0.564307,0],[0,0,1]],[false,false]],
    ["Land_Scrap_MRAP_01_F",[26238.2,21040.2,14.2131],[[0.0338774,0.999146,0.0236611],[0.00933473,-0.02399,0.999669]],[false,false]],
    ["Land_PaperBox_open_empty_F",[26255.8,21027.6,14.0557],[[0.839314,-0.54363,-0.00428812],[-0.0173316,-0.0346404,0.99925]],[false,false]],
    ["Land_PaperBox_open_empty_scripted_F",[26254.3,21028.6,14.0681],[[0.558001,0.828951,0.0384151],[-0.0173316,-0.0346404,0.99925]],[false,false]],
    ["Land_PaperBox_open_full_F",[26253,21029.5,14.0749],[[0.592797,0.804447,0.0381691],[-0.0173316,-0.0346404,0.99925]],[false,false]],
    ["Land_PaperBox_open_full_scripted_F",[26251.8,21030.5,14.0847],[[-0.561137,-0.827025,-0.03399],[-0.0173316,-0.0293158,0.99942]],[false,false]],
    ["Land_Sign_WarningMilitaryArea_F_Preview",[26279.7,21062.3,15.35],[[-0.161001,-0.986347,-0.0346203],[-0.00265204,-0.0346455,0.999396]],[false,false]],
    ["Land_Sign_WarningMilitaryArea_F",[26265.9,21063.7,15.2593],[[-0.162125,-0.986611,-0.0177312],[-0.012,-0.0159964,0.9998]],[false,false]],
    ["Land_Sign_WarningMilitaryVehicles_F",[26281.6,21062.1,15.344],[[-0.170369,-0.984789,-0.0341391],[0,-0.0346456,0.9994]],[false,false]],
    ["Land_Cargo20_military_green_F_Preview",[26260.7,21049.1,14.7328],[[-0.190839,-0.98117,-0.0297619],[-0.012,-0.027985,0.999536]],[false,false]],
    ["Land_Cargo20_military_green_F_Preview",[26260.1,21046.1,14.6436],[[-0.27255,-0.961668,-0.0301968],[-0.012,-0.027985,0.999536]],[false,false]],
    ["Land_Cargo20_military_green_F_Preview",[26259.3,21042.6,14.5299],[[-0.272567,-0.961833,-0.0241717],[-0.00399675,-0.0239908,0.999704]],[false,false]],
    ["Land_Cargo20_military_green_F_Preview",[26254.3,21045.2,14.5187],[[-0.962209,0.271934,-0.0143676],[-0.0213272,-0.0226549,0.999516]],[false,false]],
    ["Land_Cargo20_military_green_F_Preview",[26250.9,21046,14.465],[[-0.962209,0.271934,-0.0143676],[-0.0213272,-0.0226549,0.999516]],[false,false]],
    ["Land_Cargo20_military_green_F_Preview",[26253.6,21050.6,14.6342],[[0.245851,0.968722,0.0336808],[-0.0266571,-0.027977,0.999253]],[false,false]],
    ["Land_Cargo_House_V3_F",[26239.5,21053,14.4319],[[0.316228,0.948683,0],[0,0,1]],[false,false]],
    ["Land_Cargo_House_V3_F",[26232.2,21054.8,14.5306],[[0.316228,0.948683,0],[0,0,1]],[false,false]],
    ["Land_Cargo_House_V3_F",[26224.6,21056.6,14.7256],[[0.316228,0.948683,0],[0,0,1]],[false,false]],
    ["Land_HBarrier_Big_F",[26215.1,21039.1,14.5093],[[0.504401,0.863449,-0.00596421],[0.0186626,-0.00399597,0.999818]],[false,false]],
    ["Land_HBarrier_Big_F",[26225.8,21033.4,14.2096],[[0.504327,0.863512,-0.00126322],[0.0253224,-0.013327,0.99959]],[false,false]],
    ["Land_Cargo20_military_ruins_F",[26252,21054.8,14.6849],[[-0.257338,-0.966322,0],[0,0,1]],[false,false]],
    ["Land_Cargo_Patrol_V1_F",[26222.9,21029.3,14.1906],[[-0.402974,-0.915211,0],[0,0,1]],[false,false]],
    ["Land_Cargo_Patrol_V1_F",[26213.3,21033.7,14.4741],[[-0.450418,-0.892818,0],[0,0,1]],[false,false]],
    ["Land_HBarrierWall_corridor_F",[26218.8,21033.1,14.3451],[[-0.87649,0.480719,0.0259818],[0.018666,-0.019994,0.999626]],[false,false]],
    ["Land_HBarrierWall_corridor_F",[26221.8,21039,14.3938],[[-0.876361,0.480644,0.0311763],[0.0253248,-0.0186566,0.999505]],[false,false]],
    ["Land_HBarrier_Big_F",[26284.4,21038.5,14.5991],[[0.764767,-0.644267,-0.00714038],[-0.012,-0.025323,0.999607]],[false,false]],
    ["Land_Wreck_Ural_F",[26287.3,21044.5,14.7403],[[-0.531871,0.846726,0.0129654],[-0.00533768,-0.0186624,0.999812]],[false,false]],
    ["Land_ScrapHeap_1_F",[26285.8,21043.5,14.7107],[[0.871284,-0.490758,-0.00450892],[-0.00533768,-0.0186624,0.999812]],[false,false]],
    ["Land_InvisibleBarrier_F",[26286.7,21044.6,14.739],[[-0.992087,0.125515,-0.00295359],[-0.00533768,-0.0186624,0.999812]],[false,false]],
    ["Land_InvisibleBarrier_F",[26287,21045.6,15.8537],[[-0.964171,0.26528,0],[0,0,1]],[false,false]],
    ["Land_InvisibleBarrier_F",[26286.2,21046,14.7796],[[-0.895838,0.44424,0.0112169],[-0.0053265,-0.0359742,0.999339]],[false,false]],
    ["Land_InvisibleBarrier_F",[26286.4,21043.8,14.7218],[[-0.99612,-0.0877247,-0.00695543],[-0.00533768,-0.0186624,0.999812]],[false,false]],
    ["Land_InvisibleBarrier_F",[26286.7,21044,15.6317],[[-0.994117,0.108316,0],[0,0,1]],[false,false]],
    ["Land_InvisibleBarrier_F",[26285.3,21037.7,15.553],[[-0.850659,0.525718,0],[0,0,1]],[false,false]],
    ["Land_Cargo_House_V3_F",[26289.2,21035.2,14.594],[[-0.816215,0.577749,0],[0,0,1]],[false,false]],
    ["Land_Cargo_HQ_V1_F",[26220,20979.1,13.154],[[0.840474,-0.541852,0],[0,0,1]],[false,false]],
    ["Land_Cargo_HQ_V1_F",[26243.8,20964.1,13.9269],[[0.840474,-0.541852,0],[0,0,1]],[false,false]],
    ["Land_Cargo_House_V1_F",[26234.3,20968.6,13.3744],[[-0.518333,-0.855179,0],[0,0,1]],[false,false]],
    ["Land_Cargo_House_V1_F",[26228,20972.1,13.335],[[-0.518333,-0.855179,0],[0,0,1]],[false,false]],
    ["Land_Wreck_T72_hull_F",[26233.3,20981,13.3025],[[0,0.999999,-0.00133721],[-0.0253251,0.00133678,0.999678]],[false,false]],
    ["Land_Wreck_Slammer_hull_F",[26241,20977.1,13.3119],[[-0.801192,-0.598407,-0.0010627],[0.00265199,-0.00532653,0.999982]],[false,false]],
    ["Land_BarGate_F_Preview",[26270.4,20958.9,13.6216],[[0.826992,-0.56214,0.00908824],[-0.0173316,-0.00933333,0.999806]],[false,false]],
    ["Land_Wreck_HMMWV_F",[26267.6,20959.8,13.5786],[[0,0.9998,-0.0199947],[0.0119996,0.0199933,0.999728]],[false,false]],
    ["Land_Wreck_Hunter_F",[26267.9,20963.4,13.6289],[[0.990506,0.135776,0.0215198],[-0.0173282,-0.0319782,0.999338]],[false,false]],
    ["Land_ScrapHeap_1_F",[26265.7,20957.9,13.6407],[[-0.881931,0.471377,0.00115879],[0.0119996,0.0199933,0.999728]],[false,false]],
    ["Land_InvisibleBarrier_F",[26267.1,20958.4,13.6169],[[0.850916,-0.525302,0.000291912],[0.0119996,0.0199933,0.999728]],[false,false]],
    ["Land_InvisibleBarrier_F",[26268.7,20960.7,13.6078],[[0.831156,-0.555962,0.00921809],[-0.0173316,-0.00933333,0.999806]],[false,false]],
    ["Land_InvisibleBarrier_F",[26270,20963,13.6634],[[0.800393,-0.599452,-0.00530355],[-0.0173282,-0.0319782,0.999338]],[false,false]],
    ["Land_InvisibleBarrier_F",[26267,20958.2,14.703],[[0.826761,-0.562554,0],[0,0,1]],[false,false]],
    ["Land_InvisibleBarrier_F",[26268.4,20960.5,14.5503],[[0.826761,-0.562554,0],[0,0,1]],[false,false]],
    ["Land_InvisibleBarrier_F",[26270,20962.6,14.7239],[[0.826761,-0.562554,0],[0,0,1]],[false,false]],
    ["Land_Wreck_Slammer_turret_F",[26255.3,20977.1,13.494],[[0.703297,0.710696,0.0168698],[-0.0266571,0.0026511,0.999641]],[false,false]],
    ["Land_Wreck_Heli_Attack_01_F",[26269.7,21040.4,14.4682],[[0.854959,0.518034,0.0261783],[-0.00799344,-0.0373049,0.999272]],[false,false]],
    ["Land_HBarrierTower_F_Preview",[26278.4,20974.8,14.0289],[[-0.834609,0.550401,0.0220696],[0.00533751,-0.0319825,0.999474]],[false,false]],
    ["Land_Cargo_House_V3_F",[26214.7,21018.5,14.1753],[[0.849081,-0.528262,0],[0,0,1]],[false,false]],
    ["Land_Cargo_House_V3_F",[26209,21010.2,14.0163],[[0.849081,-0.528262,0],[0,0,1]],[false,false]],
    ["Land_Cargo_House_V3_F",[26208.9,21021.7,14.3543],[[-0.86955,0.493845,0],[0,0,1]],[false,false]],
    ["Land_Wreck_BRDM2_F",[26198.2,21000.4,13.8006],[[-0.213501,0.97532,0.0562932],[0.0199975,-0.0532467,0.998381]],[false,false]],
    ["Land_ScrapHeap_2_F",[26200.8,21003.8,13.9491],[[0.936934,-0.34751,-0.0373005],[0.0199975,-0.0532467,0.998381]],[false,false]],
    ["Land_ScrapHeap_1_F",[26197.2,21004.9,14.0551],[[-0.391937,-0.918999,-0.0427333],[0.0159975,-0.0532505,0.998453]],[false,false]],
    ["Weapon_hgun_ACPC2_F",[26266.6,21024.1,14.849],[[0.307807,-0.95105,-0.0275582],[-0.0093285,-0.0319797,0.999445]],[false,false]],
    ["Land_BarGate_F",[26273.1,21064,15.3836],[[0.155499,0.987378,0.0300707],[0.00133688,-0.0306513,0.999529]],[false,false]],
    ["Land_BarGate_F",[26270.4,21048.6,14.8575],[[0.18075,0.982724,0.0397929],[-0.00267442,-0.039968,0.999197]],[false,false]],
    ["Land_HBarrier_Big_F",[26212.2,21042.8,14.5807],[[0.913447,-0.406344,-0.0223283],[0.02266,-0.00399564,0.999735]],[false,false]],
    ["Land_HBarrier_Big_F",[26198,21014.7,14.2901],[[0.844041,-0.535815,-0.0222722],[0.0119949,-0.0226584,0.999671]],[false,false]]
];
{
    private _object = (_x select 0) createVehicle [0,0,0];
    _object setPosASL (_x select 1);
    _object setVectorDirAndUp (_x select 2);
    _object enableSimulationGlobal ((_x select 3) select 0);
    _object allowDamage ((_x select 3) select 1);
} forEach _objects;