private _objects = [
    ["CamoNet_INDP_Curator_F",[18458.5,14255.6,23.5662],[[-0.198806,-0.978842,0.0484192],[-0.109995,0.071379,0.991366]],[false,false]],
    ["Land_Scrap_MRAP_01_F",[18385.1,14254.8,21.7548],[[-0.914934,0.398553,-0.0636497],[-0.0797447,-0.0239173,0.996528]],[false,false]],
    ["WaterPump_01_forest_F",[18473.2,14299.6,24.9996],[[-0.723094,0.69074,0.00364244],[-0.0293202,-0.0359611,0.998923]],[false,false]],
    ["Land_ScrapHeap_2_F",[18448.4,14275.3,23.4768],[[-0.693998,-0.719029,-0.0369292],[-0.0186628,-0.0333092,0.999271]],[false,false]],
    ["Land_ScrapHeap_1_F",[18451.4,14272.8,23.4011],[[0,0.999445,0.033315],[0.0239937,-0.0333054,0.999157]],[false,false]],
    ["Land_PaperBox_open_full_scripted_F",[18475.3,14306,25.0521],[[-0.652199,-0.758026,0.00576302],[-0.00665923,0.0133314,0.999889]],[false,false]],
    ["Land_PaperBox_open_empty_F",[18473.7,14304.7,25.058],[[0,0.999911,-0.0133317],[-0.00665923,0.0133314,0.999889]],[false,false]],
    ["Land_PaperBox_closed_F",[18477.6,14306.3,25.0689],[[0.805444,-0.592504,0.0141176],[-0.0106641,0.00932797,0.9999]],[false,false]],
    ["MetalBarrel_burning_F",[18468.3,14285.6,24.2003],[[0,0.999743,0.0226603],[-0.0373063,-0.0226445,0.999047]],[false,false]],
    ["Land_Cargo_Patrol_V1_F",[18361.4,14246.2,20.5214],[[0.986002,0.166736,0],[0,0,1]],[false,false]],
    ["Land_BagFence_Short_F",[18357.2,14259.9,20.6325],[[0.975697,0.215904,0.0374237],[-0.0333132,-0.0226477,0.999188]],[false,false]],
    ["Land_BagFence_Short_F",[18356.7,14263,20.6321],[[-0.991679,-0.128414,-0.00907957],[-0.0093285,0.00133715,0.999956]],[false,false]],
    ["Land_Razorwire_F",[18355.6,14267.9,20.6224],[[-0.986936,-0.160838,-0.00942211],[-0.0093285,-0.00133715,0.999956]],[false,false]],
    ["Land_BagFence_Short_F",[18357,14261.5,20.6363],[[-0.983161,-0.182523,-0.00892775],[-0.0093285,0.00133715,0.999956]],[false,false]],
    ["MapBoard_altis_F_Preview",[18495.6,14247.2,25.5536],[[0.55934,-0.828431,-0.0290022],[0.039967,-0.0079945,0.999169]],[false,false]],
    ["Land_CampingTable_F_Preview",[18497.8,14251.6,25.3267],[[-0.943522,0.312127,0.111098],[0.109995,-0.0211978,0.993706]],[false,false]],
    ["Exile_Construction_Laptop_Static",[18498,14252.1,26.1306],[[0,0.999773,0.0213272],[0.11002,-0.0211978,0.993703]],[false,false]],
    ["Exile_Construction_Laptop_Preview",[18497.7,14251.2,26.1416],[[0.734923,0.674836,-0.0669728],[0.11002,-0.0211978,0.993703]],[false,false]],
    ["Exile_Construction_Laptop_Static",[18498.8,14251.3,25.2107],[[0,0.999773,0.0213272],[0.109995,-0.0211978,0.993706]],[false,false]],
    ["Land_Cargo_addon02_V2_F_Preview",[18496.3,14250.2,25.4697],[[-0.951623,0.286345,0.111445],[0.109995,-0.0211978,0.993706]],[false,false]],
    ["Exile_Construction_SupplyBox_Preview",[18464.2,14253.2,24.338],[[0.150069,-0.984178,0.0941916],[-0.10213,0.0793292,0.991603]],[false,false]],
    ["Exile_Construction_StorageCrate_Preview",[18463.9,14254.8,24.1679],[[-0.624494,0.770801,-0.125985],[-0.10213,0.0793292,0.991603]],[false,false]],
    ["Land_CampingTable_F_Preview",[18461.5,14255.3,23.8942],[[-0.0176953,-0.996802,0.0779226],[-0.10213,0.0793292,0.991603]],[false,false]],
    ["Land_CampingTable_F_Preview",[18456.2,14256.8,23.3053],[[-0.0933736,-0.993313,0.0678987],[-0.0386365,0.0717603,0.996673]],[false,false]],
    ["Land_Pallet_MilBoxes_F_Preview",[18457.6,14254.2,23.5588],[[0.746267,0.664729,0.0349396],[-0.109995,0.071379,0.991366]],[false,false]],
    ["Exile_Cosmetic_MG",[18459.2,14253.3,23.7921],[[-0.607109,-0.794554,-0.0101523],[-0.109995,0.071379,0.991366]],[false,false]],
    ["Exile_Cosmetic_UAV",[18494.9,14248.2,25.5823],[[0,0.999968,0.0080009],[-0.0279873,-0.00799776,0.999576]],[false,false]],
    ["Land_CratesWooden_F",[18480.9,14301.7,25.1327],[[0,0.999304,0.0373079],[-0.0359766,-0.0372838,0.998657]],[false,false]],
    ["Land_Sacks_goods_F",[18515.8,14304,26.7613],[[0,0.996491,0.0837048],[-0.0625437,-0.0835409,0.99454]],[false,false]],
    ["Land_StallWater_F",[18512.9,14308.7,26.8661],[[0,0.99985,0.0173282],[0.00399675,-0.017328,0.999842]],[false,false]],
    ["Land_Sacks_heap_F",[18515.4,14305.3,26.7978],[[0,0.99985,0.0173282],[0.00399675,-0.017328,0.999842]],[false,false]],
    ["Land_Sack_F",[18515,14303.7,26.689],[[0,0.996491,0.0837048],[-0.0625437,-0.0835409,0.99454]],[false,false]],
    ["Land_CratesShabby_F",[18516.1,14301.5,26.7183],[[0,0.998205,-0.0598926],[-0.0625447,0.0597753,0.996251]],[false,false]],
    ["Land_CratesPlastic_F",[18515.8,14302.4,26.6446],[[-0.843491,-0.536743,-0.0207497],[-0.0625447,0.0597753,0.996251]],[false,false]],
    ["Land_Cages_F",[18513.8,14299.5,26.6936],[[0.104844,-0.992288,0.0661197],[-0.0625447,0.0597753,0.996251]],[false,false]],
    ["Land_LampShabby_F",[18511.6,14309.5,26.8895],[[-0.353288,-0.935398,-0.0147989],[0.00399675,-0.017328,0.999842]],[false,false]],
    ["Land_LampShabby_F",[18493.9,14247.4,25.5478],[[0,0.999968,0.0080009],[-0.0279873,-0.00799776,0.999576]],[false,false]],
    ["I_UGV_01_rcws_F",[18489.7,14246.8,25.4279],[[0,0.999968,0.0080009],[-0.0279873,-0.00799776,0.999576]],[false,false]],
    ["Land_Razorwire_F",[18356.9,14245.7,20.229],[[-0.984206,-0.163347,-0.0682403],[-0.0651943,-0.0239427,0.997585]],[false,false]],
    ["Land_Razorwire_F",[18358.7,14237.6,19.8994],[[-0.966794,-0.239691,-0.0886413],[-0.0757817,-0.0623639,0.995172]],[false,false]],
    ["Land_Razorwire_F",[18360.7,14229.8,19.6352],[[-0.95512,-0.284895,-0.0811255],[-0.0691671,-0.0518056,0.996259]],[false,false]],
    ["O_HMG_01_high_F",[18358.2,14261.7,20.648],[[-0.981234,-0.192616,-0.00889628],[-0.0093285,0.00133715,0.999956]],[false,false]],
    ["Campfire_burning_F",[18365.1,14265.4,20.7342],[[-0.701966,-0.711879,-0.021698],[-0.0133317,-0.0173266,0.999761]],[false,false]],
    ["Land_WoodPile_large_F",[18401.4,14248.9,22.2763],[[-0.200801,0.979446,-0.0190851],[-0.00399675,0.0186626,0.999818]],[false,false]],
    ["Land_WoodPile_large_F",[18401.5,14245.8,22.329],[[0,0.999608,0.0279873],[-0.0506016,-0.0279515,0.998328]],[false,false]],
    ["Land_WoodPile_large_F",[18400.1,14248.7,22.2755],[[0,0.999826,-0.0186628],[-0.00399675,0.0186626,0.999818]],[false,false]],
    ["Land_WoodPile_large_F",[18400.1,14245.7,22.2552],[[0,0.999608,0.0279873],[-0.0506016,-0.0279515,0.998328]],[false,false]],
    ["Land_WoodPile_large_F",[18400.7,14246.1,22.5899],[[0,0.998525,-0.0543022],[-0.806164,0.0321302,0.590819]],[false,false]],
    ["Land_WoodPile_large_F",[18401.2,14249.1,22.4603],[[0,0.998514,-0.0545046],[0.852903,0.0284552,0.521294]],[false,false]],
    ["Land_WoodenLog_F",[18401.4,14243.9,22.2697],[[0,0.999608,0.0279873],[-0.0506016,-0.0279515,0.998328]],[false,false]],
    ["Land_Sunshade_01_F",[18360.5,14265.1,20.6684],[[0.931006,0.364522,0.0187323],[-0.0133317,-0.0173266,0.999761]],[false,false]],
    ["Land_Sun_chair_F",[18359.8,14265.3,20.6595],[[-0.274147,-0.961398,-0.0236112],[-0.0253251,-0.0173261,0.999529]],[false,false]],
    ["Land_Sun_chair_green_F",[18361.2,14265.1,20.677],[[-0.0820803,-0.996457,-0.0183639],[-0.0133317,-0.0173266,0.999761]],[false,false]],
    ["Land_TentA_F",[18365.3,14245.4,20.6538],[[-0.355474,-0.934113,-0.0327265],[-0.0359766,-0.0213134,0.999125]],[false,false]],
    ["Land_Compass_F",[18497.7,14251.6,26.1498],[[-0.985773,-0.130146,0.106366],[0.11002,-0.0211978,0.993703]],[false,false]],
    ["Land_BagFence_Round_F",[18454.7,14305.6,24.5444],[[0.480395,-0.873676,0.0768832],[0,0.0876609,0.99615]],[false,false]],
    ["Land_BagFence_Round_F",[18485.7,14326.1,25.5503],[[0.0432636,-0.999063,0.000913751],[-0.05193,-0.00133541,0.99865]],[false,false]],
    ["Land_Wreck_BRDM2_F",[18313.4,14250,18.2474],[[-0.804593,-0.593591,-0.0167614],[-0.0306514,0.0133254,0.999441]],[false,false]],
    ["Land_Wreck_Offroad2_F",[18323.7,14243.8,18.6776],[[-0.90417,0.425155,-0.041482],[-0.0439564,0.00399288,0.999025]],[false,false]],
    ["Land_Wreck_HMMWV_F",[18363.1,14237.2,20.2606],[[0.933321,-0.35681,0.0399827],[-0.0665182,-0.0624052,0.995832]],[false,false]],
    ["Land_Wreck_T72_hull_F",[18301.6,14230.5,17.709],[[-0.986129,0.15567,-0.057587],[-0.061218,-0.0186278,0.997951]],[false,false]],
    ["Land_Wreck_T72_turret_F",[18296.5,14228.4,17.3742],[[-0.40832,0.912617,-0.0201049],[-0.0373063,0.00532279,0.99929]],[false,false]],
    ["Land_Wreck_UAZ_F",[18304.7,14237.7,17.9087],[[-0.298064,-0.95442,-0.0154993],[-0.05193,0,0.998651]],[false,false]],
    ["Land_Wreck_Ural_F",[18300.1,14239.1,17.6698],[[-0.952246,0.300699,-0.052994],[-0.0572388,-0.00531777,0.998346]],[false,false]],
    ["Land_BarGate_F",[18356.8,14254.9,20.5535],[[-0.977403,-0.20836,-0.0356395],[-0.033315,-0.0146562,0.999337]],[false,false]],
    ["Land_Cargo_Tower_V2_ruins_F",[18426.7,14334.7,21.7986],[[0,1,0],[0,0,1]],[false,false]],
    ["Land_Windmill01_ruins_F",[18455.6,14197.1,22.9304],[[0,1,0],[0,0,1]],[false,false]],
    ["Exile_Sign_Armory",[18466.3,14258.4,24.1071],[[0.198359,-0.980129,0],[0,0,1]],[false,false]],
    ["Exile_Sign_Equipment_Small",[18453.3,14260.8,23.09],[[-0.653275,-0.75712,0],[0,0,1]],[false,false]],
    ["Exile_Sign_Hardware",[18475.6,14297.2,24.9781],[[0,1,0],[0,0,1]],[false,false]],
    ["Exile_Sign_Food_Small",[18514.4,14304.4,26.7005],[[0.992567,0.1217,0],[0,0,1]],[false,false]],
    ["Exile_Sign_SpecialOperations",[18482.7,14253,25.2281],[[0.316171,-0.948702,0],[0,0,1]],[false,false]],
    ["Exile_Sign_Office_Small",[18495.6,14284.7,25.2775],[[0.499038,-0.86658,0],[0,0,1]],[false,false]],
    ["Land_Cargo_House_V1_F",[18495.1,14283.9,25.2151],[[0.507039,-0.861923,0],[0,0,1]],[false,false]],
    ["Land_CampingTable_F",[18497,14281.9,25.9427],[[0.512441,-0.858722,0],[0,0,1]],[false,false]],
    ["Land_CampingChair_V2_F",[18497.6,14281.1,25.9427],[[0.481919,-0.876216,0],[0,0,1]],[false,false]],
    ["Land_DataTerminal_01_F",[18497.7,14284.3,25.8079],[[0.855041,0.518561,0],[0,0,1]],[false,false]],
    ["Land_ScrapHeap_2_F",[18314,14253.9,18.2954],[[0.994384,0.0996846,0.0355368],[-0.0346456,-0.0106577,0.999343]],[false,false]],
    ["Land_Grave_dirt_F",[18403.5,14272.5,22.3791],[[-0.980425,-0.196895,0],[0,0,1]],[false,false]],
    ["Land_Grave_dirt_F",[18400.8,14272,22.3953],[[-0.98662,-0.163036,0],[0,0,1]],[false,false]],
    ["Land_Sign_WarningMilitaryArea_F_Preview",[18270.5,14230.4,16.6907],[[0.95095,0.306643,0.0407832],[-0.0359766,-0.0213134,0.999125]],[false,false]],
    ["Land_Sign_WarningMilAreaSmall_F_Preview",[18270.6,14228.5,16.6557],[[0.938761,0.34211,0.0411009],[-0.0359766,-0.0213134,0.999125]],[false,false]],
    ["Land_Sign_WarningMilitaryVehicles_F",[18266.6,14240.1,16.8258],[[0.74775,0.663024,0.0356334],[-0.0239937,-0.0266494,0.999357]],[false,false]],
    ["Land_Pod_Heli_Transport_04_repair_black_F",[18481.9,14290.3,24.911],[[0.997006,0.0716065,0.0291818],[-0.0266571,-0.0359638,0.998998]],[false,false]],
    ["I_Soldier_GL_F",[18517.1,14304.3,32.4354],[[-0.874737,-0.484599,0],[0,0,1]],[false,false]],
    ["I_soldier_F",[18514,14310.3,32.4319],[[-0.874737,-0.484599,0],[0,0,1]],[false,false]],
    ["I_Spotter_F",[18499.1,14252.5,30.9137],[[-0.76837,0.640005,0],[0,0,1]],[false,false]],
    ["I_Sniper_F",[18498,14248.3,30.9318],[[-0.938416,0.345508,0],[0,0,1]],[false,false]],
    ["I_Spotter_F",[18504.3,14244.1,26.6618],[[0,1,0],[0,0,1]],[false,false]],
    ["I_Soldier_GL_F",[18360.7,14244.4,24.8083],[[-0.972614,-0.232426,0],[0,0,1]],[false,false]],
    ["I_soldier_F",[18360.3,14247.4,24.8669],[[-0.972614,-0.232426,0],[0,0,1]],[false,false]],
    ["I_Soldier_GL_F",[18359.4,14261.5,20.6603],[[-0.987713,-0.15628,0],[0,0,1]],[false,false]],
    ["I_soldier_F",[18359.2,14250,20.506],[[-0.98338,-0.181559,0],[0,0,1]],[false,false]]
];
{
    private _object = (_x select 0) createVehicle [0,0,0];
    _object setPosASL (_x select 1);
    _object setVectorDirAndUp (_x select 2);
    _object enableSimulationGlobal ((_x select 3) select 0);
    _object allowDamage ((_x select 3) select 1);
} forEach _objects;
 
private _traders = [
    ["Exile_Trader_Armory",[18461.4,14254,0.00546455],0,"Exile_Trader_Armory","WhiteHead_17"],
    ["Exile_Trader_Equipment",[18456,14255.3,0.00500107],0,"Exile_Trader_Equipment","WhiteHead_12"],
    ["Exile_Trader_Hardware",[18478.2,14299.7,0.000780106],124.243,"Exile_Trader_Hardware","AfricanHead_02"],
    ["Exile_Trader_SpecialOperations",[18495.9,14250.1,0.000383377],291.566,"Exile_Trader_SpecialOperations","WhiteHead_14"],
    ["Exile_Trader_Food",[18514.4,14307,0.000579834],238.671,"Exile_Trader_Food","WhiteHead_18"],
    ["Exile_Trader_Office",[18495.9,14280.6,0.608179],322.908,"Exile_Trader_Office","WhiteHead_11"]
];
{
    private _trader = [
        _x select 0,
        _x select 4,
        ["HubStanding_idle1"],
        _x select 1,
        _x select 2
    ] call ExileClient_object_trader_create;
    _trader setVariable ["ExileTraderType", _x select 3];
} forEach _traders;